

Date 	Value
Jan 3, 2019 	2,446.12
Dec 1, 2018 	2,633.08
Nov 1, 2018 	2,723.23
Oct 1, 2018 	2,776.13
Sep 1, 2018 	2,896.89
Aug 1, 2018 	2,856.60
Jul 1, 2018 	2,793.99
Jun 1, 2018 	2,754.89
May 1, 2018 	2,706.32
Apr 1, 2018 	2,669.43
Mar 1, 2018 	2,729.67
Feb 1, 2018 	2,738.26
Jan 1, 2018 	2,836.75
Dec 1, 2017 	2,723.93
Nov 1, 2017 	2,650.06
Oct 1, 2017 	2,612.72
Sep 1, 2017 	2,545.55
Aug 1, 2017 	2,521.44
Jul 1, 2017 	2,526.80
Jun 1, 2017 	2,504.37
May 1, 2017 	2,466.85
Apr 1, 2017 	2,431.81
Mar 1, 2017 	2,446.78
Feb 1, 2017 	2,410.59
Jan 1, 2017 	2,361.30
Dec 1, 2016 	2,345.32
Nov 1, 2016 	2,260.84
Oct 1, 2016 	2,234.41
Sep 1, 2016 	2,252.51
Aug 1, 2016 	2,271.80
Jul 1, 2016 	2,250.80
Jun 1, 2016 	2,179.17
May 1, 2016 	2,167.09
Apr 1, 2016 	2,186.38
Mar 1, 2016 	2,140.02
Feb 1, 2016 	2,024.31
Jan 1, 2016 	2,041.06
Dec 1, 2015 	2,188.80
Nov 1, 2015 	2,209.51
Oct 1, 2015 	2,145.70
Sep 1, 2015 	2,059.57
Aug 1, 2015 	2,157.32
Jul 1, 2015 	2,211.58
Jun 1, 2015 	2,217.17
May 1, 2015 	2,238.34
Apr 1, 2015 	2,231.56
Mar 1, 2015 	2,220.22
Feb 1, 2015 	2,235.81
Jan 1, 2015 	2,187.26
Dec 1, 2014 	2,204.97
Nov 1, 2014 	2,182.12
Oct 1, 2014 	2,056.44
Sep 1, 2014 	2,110.52
Aug 1, 2014 	2,078.52
Jul 1, 2014 	2,087.29
Jun 1, 2014 	2,058.97
May 1, 2014 	2,002.08
Apr 1, 2014 	1,981.95
Mar 1, 2014 	1,987.69
Feb 1, 2014 	1,950.60
Jan 1, 2014 	1,963.54
Dec 1, 2013 	1,955.08
Nov 1, 2013 	1,928.70
Oct 1, 2013 	1,856.22
Sep 1, 2013 	1,816.07
Aug 1, 2013 	1,799.78
Jul 1, 2013 	1,800.42
Jun 1, 2013 	1,747.26
May 1, 2013 	1,774.25
Apr 1, 2013 	1,702.47
Mar 1, 2013 	1,679.18
Feb 1, 2013 	1,641.75
Jan 1, 2013 	1,620.28
Dec 1, 2012 	1,561.28
Nov 1, 2012 	1,526.66
Oct 1, 2012 	1,566.62
Sep 1, 2012 	1,572.11
Aug 1, 2012 	1,535.39
Jul 1, 2012 	1,495.90
Jun 1, 2012 	1,453.59
May 1, 2012 	1,470.97
Apr 1, 2012 	1,518.71
Mar 1, 2012 	1,526.39
Feb 1, 2012 	1,497.30
Jan 1, 2012 	1,446.17
Dec 1, 2011 	1,388.58
Nov 1, 2011 	1,366.33
Oct 1, 2011 	1,343.80
Sep 1, 2011 	1,304.00
Aug 1, 2011 	1,318.69
Jul 1, 2011 	1,478.38
Jun 1, 2011 	1,437.37
May 1, 2011 	1,492.74
Apr 1, 2011 	1,492.14
Mar 1, 2011 	1,471.27
Feb 1, 2011 	1,504.56
Jan 1, 2011 	1,467.92
Dec 1, 2010 	1,427.66
Nov 1, 2010 	1,380.99
Oct 1, 2010 	1,350.10
Sep 1, 2010 	1,294.67
Aug 1, 2010 	1,255.25
Jul 1, 2010 	1,248.33
Jun 1, 2010 	1,252.71
May 1, 2010 	1,299.66
Apr 1, 2010 	1,384.21
Mar 1, 2010 	1,334.19
Feb 1, 2010 	1,266.53
Jan 1, 2010 	1,306.88
Dec 1, 2009 	1,295.94
Nov 1, 2009 	1,267.67
Oct 1, 2009 	1,244.77
Sep 1, 2009 	1,219.00
Aug 1, 2009 	1,179.10
Jul 1, 2009 	1,095.25
Jun 1, 2009 	1,082.17
May 1, 2009 	1,063.53
Apr 1, 2009 	1,002.47
Mar 1, 2009 	897.12
Feb 1, 2009 	956.43
Jan 1, 2009 	1,033.23
Dec 1, 2008 	1,052.09
Nov 1, 2008 	1,047.71
Oct 1, 2008 	1,127.45
Sep 1, 2008 	1,401.93
Aug 1, 2008 	1,474.21
Jul 1, 2008 	1,440.67
Jun 1, 2008 	1,544.89
May 1, 2008 	1,632.56
Apr 1, 2008 	1,607.88
Mar 1, 2008 	1,554.45
Feb 1, 2008 	1,613.08
Jan 1, 2008 	1,646.29
Dec 1, 2007 	1,775.03
Nov 1, 2007 	1,754.85
Oct 1, 2007 	1,857.28
Sep 1, 2007 	1,809.83
Aug 1, 2007 	1,763.30
Jul 1, 2007 	1,840.03
Jun 1, 2007 	1,831.68
May 1, 2007 	1,831.53
Apr 1, 2007 	1,784.80
Mar 1, 2007 	1,726.81
Feb 1, 2007 	1,789.42
Jan 1, 2007 	1,773.29
Dec 1, 2006 	1,769.04
Nov 1, 2006 	1,736.92
Oct 1, 2006 	1,702.79
Sep 1, 2006 	1,636.87
Aug 1, 2006 	1,591.03
Jul 1, 2006 	1,560.83
Jun 1, 2006 	1,556.66
May 1, 2006 	1,605.59
Apr 1, 2006 	1,628.77
Mar 1, 2006 	1,631.99
Feb 1, 2006 	1,619.35
Jan 1, 2006 	1,625.26
Dec 1, 2005 	1,616.31
Nov 1, 2005 	1,578.26
Oct 1, 2005 	1,508.13
Sep 1, 2005 	1,554.22
Aug 1, 2005 	1,571.09
Jul 1, 2005 	1,576.51
Jun 1, 2005 	1,557.91
May 1, 2005 	1,527.63
Apr 1, 2005 	1,508.12
Mar 1, 2005 	1,557.99
Feb 1, 2005 	1,576.39
Jan 1, 2005 	1,561.41
Dec 1, 2004 	1,588.26
Nov 1, 2004 	1,542.50
Oct 1, 2004 	1,475.01
Sep 1, 2004 	1,483.37
Aug 1, 2004 	1,448.31
Jul 1, 2004 	1,471.57
Jun 1, 2004 	1,505.00
May 1, 2004 	1,469.82
Apr 1, 2004 	1,519.41
Mar 1, 2004 	1,511.66
Feb 1, 2004 	1,547.64
Jan 1, 2004 	1,541.24
Dec 1, 2003 	1,477.82
Nov 1, 2003 	1,434.23
Oct 1, 2003 	1,415.13
Sep 1, 2003 	1,387.35
Aug 1, 2003 	1,351.02
Jul 1, 2003 	1,360.29
Jun 1, 2003 	1,355.54
May 1, 2003 	1,285.54
Apr 1, 2003 	1,220.46
Mar 1, 2003 	1,158.43
Feb 1, 2003 	1,152.18
Jan 1, 2003 	1,242.63
Dec 1, 2002 	1,252.78
Nov 1, 2002 	1,264.96
Oct 1, 2002 	1,188.08
Sep 1, 2002 	1,208.40
Aug 1, 2002 	1,272.81
Jul 1, 2002 	1,264.51
Jun 1, 2002 	1,420.63
May 1, 2002 	1,512.86
Apr 1, 2002 	1,558.67
Mar 1, 2002 	1,626.39
Feb 1, 2002 	1,560.24
Jan 1, 2002 	1,622.68
Dec 1, 2001 	1,633.08
Nov 1, 2001 	1,604.97
Oct 1, 2001 	1,526.96
Sep 1, 2001 	1,476.66
Aug 1, 2001 	1,673.39
Jul 1, 2001 	1,710.24
Jun 1, 2001 	1,753.94
May 1, 2001 	1,801.81
Apr 1, 2001 	1,695.22
Mar 1, 2001 	1,696.25
Feb 1, 2001 	1,872.01
Jan 1, 2001 	1,922.50
Dec 1, 2000 	1,927.84
Nov 1, 2000 	1,994.94
Oct 1, 2000 	2,013.61
Sep 1, 2000 	2,130.13
Aug 1, 2000 	2,166.62
Jul 1, 2000 	2,148.45
Jun 1, 2000 	2,137.29
May 1, 2000 	2,084.61
Apr 1, 2000 	2,150.14
Mar 1, 2000 	2,123.20
Feb 1, 2000 	2,061.53
Jan 1, 2000 	2,128.57
Dec 1, 1999 	2,139.52
Nov 1, 1999 	2,083.09
Oct 1, 1999 	1,947.99
Sep 1, 1999 	1,978.73
Aug 1, 1999 	2,002.26
Jul 1, 1999 	2,087.95
Jun 1, 1999 	2,005.61
May 1, 1999 	2,020.05
Apr 1, 1999 	2,024.13
Mar 1, 1999 	1,957.74
Feb 1, 1999 	1,909.94
Jan 1, 1999 	1,915.63
Dec 1, 1998 	1,830.01
Nov 1, 1998 	1,758.78
Oct 1, 1998 	1,586.72
Sep 1, 1998 	1,572.37
Aug 1, 1998 	1,657.56
Jul 1, 1998 	1,786.16
Jun 1, 1998 	1,713.84
May 1, 1998 	1,715.99
Apr 1, 1998 	1,725.03
Mar 1, 1998 	1,673.26
Feb 1, 1998 	1,593.71
Jan 1, 1998 	1,502.50
Dec 1, 1997 	1,503.74
Nov 1, 1997 	1,465.28
Oct 1, 1997 	1,483.47
Sep 1, 1997 	1,465.04
Aug 1, 1997 	1,453.36
Jul 1, 1997 	1,453.01
Jun 1, 1997 	1,377.78
May 1, 1997 	1,311.49
Apr 1, 1997 	1,201.87
Mar 1, 1997 	1,247.84
Feb 1, 1997 	1,260.81
Jan 1, 1997 	1,213.81
Dec 1, 1996 	1,181.13
Nov 1, 1996 	1,169.08
Oct 1, 1996 	1,116.83
Sep 1, 1996 	1,077.92
Aug 1, 1996 	1,061.80
Jul 1, 1996 	1,033.95
Jun 1, 1996 	1,075.22
May 1, 1996 	1,064.21
Apr 1, 1996 	1,043.58
Mar 1, 1996 	1,047.44
Feb 1, 1996 	1,056.87
Jan 1, 1996 	1,002.96
Dec 1, 1995 	1,009.09
Nov 1, 1995 	977.19
Oct 1, 1995 	955.88
Sep 1, 1995 	952.17
Aug 1, 1995 	921.63
Jul 1, 1995 	921.17
Jun 1, 1995 	891.39
May 1, 1995 	867.41
Apr 1, 1995 	842.74
Mar 1, 1995 	820.95
Feb 1, 1995 	804.92
Jan 1, 1995 	780.18
Dec 1, 1994 	766.37
Nov 1, 1994 	776.17
Oct 1, 1994 	781.92
Sep 1, 1994 	787.76
Aug 1, 1994 	785.28
Jul 1, 1994 	766.64
Jun 1, 1994 	774.56
May 1, 1994 	770.47
Apr 1, 1994 	764.71
Mar 1, 1994 	794.14
Feb 1, 1994 	810.20
Jan 1, 1994 	815.40
Dec 1, 1993 	805.47
Nov 1, 1993 	800.18
Oct 1, 1993 	802.47
Sep 1, 1993 	797.70
Aug 1, 1993 	790.46
Jul 1, 1993 	780.71
Jun 1, 1993 	782.05
May 1, 1993 	778.22
Apr 1, 1993 	775.51
Mar 1, 1993 	790.09
Feb 1, 1993 	777.95
Jan 1, 1993 	769.25
Dec 1, 1992 	773.77
Nov 1, 1992 	750.51
Oct 1, 1992 	733.19
Sep 1, 1992 	746.45
Aug 1, 1992 	747.58
Jul 1, 1992 	744.54
Jun 1, 1992 	733.95
May 1, 1992 	748.37
Apr 1, 1992 	736.08
Mar 1, 1992 	737.04
Feb 1, 1992 	750.22
Jan 1, 1992 	759.36
Dec 1, 1991 	710.07
Nov 1, 1991 	705.85
Oct 1, 1991 	709.67
Sep 1, 1991 	711.29
Aug 1, 1991 	718.47
Jul 1, 1991 	703.62
Jun 1, 1991 	701.05
May 1, 1991 	702.57
Apr 1, 1991 	707.79
Mar 1, 1991 	695.03
Feb 1, 1991 	677.32
Jan 1, 1991 	609.48
Dec 1, 1990 	619.26
Nov 1, 1990 	593.91
Oct 1, 1990 	579.82
Sep 1, 1990 	599.06
Aug 1, 1990 	633.45
Jul 1, 1990 	695.87
Jun 1, 1990 	699.25
May 1, 1990 	683.25
Apr 1, 1990 	661.24
Mar 1, 1990 	662.82
Feb 1, 1990 	650.67
Jan 1, 1990 	672.57
Dec 1, 1989 	696.75
Nov 1, 1989 	681.04
Oct 1, 1989 	697.12
Sep 1, 1989 	700.26
Aug 1, 1989 	701.09
Jul 1, 1989 	672.44
Jun 1, 1989 	657.41
May 1, 1989 	639.05
Apr 1, 1989 	618.94
Mar 1, 1989 	603.20
Feb 1, 1989 	609.37
Jan 1, 1989 	593.99
Dec 1, 1988 	578.33
Nov 1, 1988 	567.77
Oct 1, 1988 	581.66
Sep 1, 1988 	563.82
Aug 1, 1988 	558.51
Jul 1, 1988 	572.35
Jun 1, 1988 	578.19
May 1, 1988 	549.34
Apr 1, 1988 	565.20
Mar 1, 1988 	574.82
Feb 1, 1988 	560.78
Jan 1, 1988 	545.68
Dec 1, 1987 	526.35
Nov 1, 1987 	535.09
Oct 1, 1987 	612.50
Sep 1, 1987 	698.47
Aug 1, 1987 	725.71
Jul 1, 1987 	686.79
Jun 1, 1987 	669.29
May 1, 1987 	644.25
Apr 1, 1987 	646.98
Mar 1, 1987 	657.64
Feb 1, 1987 	634.39
Jan 1, 1987 	599.50
Dec 1, 1986 	567.03
Nov 1, 1986 	559.55
Oct 1, 1986 	542.46
Sep 1, 1986 	545.02
Aug 1, 1986 	562.89
Jul 1, 1986 	552.87
Jun 1, 1986 	564.61
May 1, 1986 	551.98
Apr 1, 1986 	552.35
Mar 1, 1986 	538.13
Feb 1, 1986 	505.92
Jan 1, 1986 	478.78
Dec 1, 1985 	478.02
Nov 1, 1985 	456.67
Oct 1, 1985 	431.73
Sep 1, 1985 	428.44
Aug 1, 1985 	439.43
Jul 1, 1985 	450.07
Jun 1, 1985 	442.47
May 1, 1985 	434.31
Apr 1, 1985 	425.80
Mar 1, 1985 	424.96
Feb 1, 1985 	430.13
Jan 1, 1985 	409.95
Dec 1, 1984 	393.73
Nov 1, 1984 	398.04
Oct 1, 1984 	394.45
Sep 1, 1984 	398.70
Aug 1, 1984 	396.51
Jul 1, 1984 	365.83
Jun 1, 1984 	372.10
May 1, 1984 	381.71
Apr 1, 1984 	385.27
Mar 1, 1984 	386.65
Feb 1, 1984 	387.16
Jan 1, 1984 	411.57
Dec 1, 1983 	409.03
Nov 1, 1983 	411.43
Oct 1, 1983 	418.48
Sep 1, 1983 	418.48
Aug 1, 1983 	408.49
Jul 1, 1983 	421.32
Jun 1, 1983 	421.50
May 1, 1983 	416.93
Apr 1, 1983 	403.11
Mar 1, 1983 	391.06
Feb 1, 1983 	377.93
Jan 1, 1983 	371.87
Dec 1, 1982 	359.98
Nov 1, 1982 	355.17
Oct 1, 1982 	340.58
Sep 1, 1982 	315.11
Aug 1, 1982 	282.99
Jul 1, 1982 	282.80
Jun 1, 1982 	285.04
May 1, 1982 	306.23
Apr 1, 1982 	308.87
Mar 1, 1982 	295.51
Feb 1, 1982 	305.06
Jan 1, 1982 	313.51
Dec 1, 1981 	331.94
Nov 1, 1981 	330.58
Oct 1, 1981 	323.28
Sep 1, 1981 	319.92
Aug 1, 1981 	353.89
Jul 1, 1981 	355.22
Jun 1, 1981 	368.04
May 1, 1981 	369.64
Apr 1, 1981 	380.18
Mar 1, 1981 	379.34
Feb 1, 1981 	368.16
Jan 1, 1981 	385.30
Dec 1, 1980 	389.88
Nov 1, 1980 	400.02
Oct 1, 1980 	386.97
Sep 1, 1980 	379.56
Aug 1, 1980 	373.67
Jul 1, 1980 	365.10
Jun 1, 1980 	349.26
May 1, 1980 	331.84
Apr 1, 1980 	320.49
Mar 1, 1980 	329.44
Feb 1, 1980 	368.31
Jan 1, 1980 	359.27
Dec 1, 1979 	354.23
Nov 1, 1979 	344.35
Oct 1, 1979 	350.24
Sep 1, 1979 	366.91
Aug 1, 1979 	366.79
Jul 1, 1979 	354.09
Jun 1, 1979 	354.53
May 1, 1979 	351.55
Apr 1, 1979 	364.49
Mar 1, 1979 	361.45
Feb 1, 1979 	358.29
Jan 1, 1979 	367.95
Dec 1, 1978 	357.80
Nov 1, 1978 	354.16
Oct 1, 1978 	377.87
Sep 1, 1978 	393.79
Aug 1, 1978 	396.77
Jul 1, 1978 	372.84
Jun 1, 1978 	377.52
May 1, 1978 	380.64
Apr 1, 1978 	365.67
Mar 1, 1978 	353.09
Feb 1, 1978 	356.54
Jan 1, 1978 	363.94
Dec 1, 1977 	380.78
Nov 1, 1977 	383.88
Oct 1, 1977 	383.54
Sep 1, 1977 	395.01
Aug 1, 1977 	402.56
Jul 1, 1977 	414.00
Jun 1, 1977 	412.27
May 1, 1977 	412.79
Apr 1, 1977 	416.07
Mar 1, 1977 	426.13
Feb 1, 1977 	430.72
Jan 1, 1977 	447.21
Dec 1, 1976 	453.41
Nov 1, 1976 	439.76
Oct 1, 1976 	443.57
Sep 1, 1976 	461.63
Aug 1, 1976 	453.58
Jul 1, 1976 	459.94
Jun 1, 1976 	451.72
May 1, 1976 	451.44
Apr 1, 1976 	457.80
Mar 1, 1976 	455.83
Feb 1, 1976 	454.39
Jan 1, 1976 	439.07
Dec 1, 1975 	402.81
Nov 1, 1975 	410.51
Oct 1, 1975 	406.61
Sep 1, 1975 	390.84
Aug 1, 1975 	397.83
Jul 1, 1975 	430.09
Jun 1, 1975 	434.48
May 1, 1975 	426.85
Apr 1, 1975 	403.64
Mar 1, 1975 	400.68
Feb 1, 1975 	384.54
Jan 1, 1975 	351.01
Dec 1, 1974 	325.71
Nov 1, 1974 	351.09
Oct 1, 1974 	342.50
Sep 1, 1974 	339.30
Aug 1, 1974 	383.25
Jul 1, 1974 	404.64
Jun 1, 1974 	461.85
May 1, 1974 	465.03
Apr 1, 1974 	485.49
Mar 1, 1974 	513.78
Feb 1, 1974 	499.00
Jan 1, 1974 	519.81
Dec 1, 1973 	517.06
Nov 1, 1973 	560.08
Oct 1, 1973 	606.88
Sep 1, 1973 	588.83
Aug 1, 1973 	580.08
Jul 1, 1973 	601.93
Jun 1, 1973 	597.59
May 1, 1973 	615.45
Apr 1, 1973 	637.61
Mar 1, 1973 	654.25
Feb 1, 1973 	670.93
Jan 1, 1973 	700.50
Dec 1, 1972 	696.81
Nov 1, 1972 	684.19
Oct 1, 1972 	653.03
Sep 1, 1972 	654.94
Aug 1, 1972 	666.10
Jul 1, 1972 	644.83
Jun 1, 1972 	652.76
May 1, 1972 	652.51
Apr 1, 1972 	660.76
Mar 1, 1972 	655.66
Feb 1, 1972 	642.00
Jan 1, 1972 	633.47
Dec 1, 1971 	608.14
Nov 1, 1971 	571.74
Oct 1, 1971 	599.53
Sep 1, 1971 	614.03
Aug 1, 1971 	600.69
Jul 1, 1971 	613.07
Jun 1, 1971 	619.05
May 1, 1971 	635.41
Apr 1, 1971 	647.38
Mar 1, 1971 	627.57
Feb 1, 1971 	613.42
Jan 1, 1971 	592.04
Dec 1, 1970 	570.25
Nov 1, 1970 	536.41
Oct 1, 1970 	539.71
Sep 1, 1970 	530.95
Aug 1, 1970 	503.56
Jul 1, 1970 	489.34
Jun 1, 1970 	491.02
May 1, 1970 	496.63
Apr 1, 1970 	562.67
Mar 1, 1970 	584.90
Feb 1, 1970 	578.10
Jan 1, 1970 	602.16
Dec 1, 1969 	609.10
Nov 1, 1969 	646.63
Oct 1, 1969 	645.43
Sep 1, 1969 	642.05
Aug 1, 1969 	641.54
Jul 1, 1969 	648.66
Jun 1, 1969 	682.71
May 1, 1969 	724.26
Apr 1, 1969 	703.35
Mar 1, 1969 	693.28
Feb 1, 1969 	714.58
Jan 1, 1969 	722.13
Dec 1, 1968 	756.11
Nov 1, 1968 	750.42
Oct 1, 1968 	741.12
Sep 1, 1968 	727.39
Aug 1, 1968 	706.50
Jul 1, 1968 	724.34
Jun 1, 1968 	729.97
May 1, 1968 	714.98
Apr 1, 1968 	700.94
Mar 1, 1968 	654.64
Feb 1, 1968 	668.79
Jan 1, 1968 	702.45
Dec 1, 1967 	708.53
Nov 1, 1967 	690.94
Oct 1, 1967 	715.43
Sep 1, 1967 	718.68
Aug 1, 1967 	710.90
Jul 1, 1967 	701.86
Jun 1, 1967 	692.01
May 1, 1967 	702.90
Apr 1, 1967 	692.61
Mar 1, 1967 	682.95
Feb 1, 1967 	669.24
Jan 1, 1967 	646.95
Dec 1, 1966 	623.05
Nov 1, 1966 	620.44
Oct 1, 1966 	590.87
Sep 1, 1966 	599.73
Aug 1, 1966 	621.62
Jul 1, 1966 	665.69
Jun 1, 1966 	669.46
May 1, 1966 	677.15
Apr 1, 1966 	714.76
Mar 1, 1966 	697.85
Feb 1, 1966 	730.04
Jan 1, 1966 	739.63
Dec 1, 1965 	727.03
Nov 1, 1965 	732.66
Oct 1, 1965 	726.62
Sep 1, 1965 	712.88
Aug 1, 1965 	689.83
Jul 1, 1965 	677.23
Jun 1, 1965 	678.27
May 1, 1965 	716.62
Apr 1, 1965 	706.11
Mar 1, 1965 	699.18
Feb 1, 1965 	700.78
Jan 1, 1965 	695.69
Dec 1, 1964 	678.24
Nov 1, 1964 	690.20
Oct 1, 1964 	687.63
Sep 1, 1964 	675.96
Aug 1, 1964 	666.68
Jul 1, 1964 	674.42
Jun 1, 1964 	652.37
May 1, 1964 	658.40
Apr 1, 1964 	652.04
Mar 1, 1964 	642.74
Feb 1, 1964 	631.24
Jan 1, 1964 	623.57
Dec 1, 1963 	604.97
Nov 1, 1963 	594.25
Oct 1, 1963 	597.61
Sep 1, 1963 	598.08
Aug 1, 1963 	582.72
Jul 1, 1963 	567.04
Jun 1, 1963 	577.46
May 1, 1963 	579.60
Apr 1, 1963 	568.20
Mar 1, 1963 	542.67
Feb 1, 1963 	546.52
Jan 1, 1963 	539.39
Dec 1, 1962 	519.33
Nov 1, 1962 	497.78
Oct 1, 1962 	465.69
Sep 1, 1962 	480.86
Aug 1, 1962 	486.77
Jul 1, 1962 	473.88
Jun 1, 1962 	464.27
May 1, 1962 	525.69
Apr 1, 1962 	567.92
Mar 1, 1962 	588.56
Feb 1, 1962 	587.98
Jan 1, 1962 	580.28
Dec 1, 1961 	602.71
Nov 1, 1961 	597.16
Oct 1, 1961 	571.29
Sep 1, 1961 	565.07
Aug 1, 1961 	571.43
Jul 1, 1961 	549.78
Jun 1, 1961 	554.99
May 1, 1961 	562.43
Apr 1, 1961 	556.77
Mar 1, 1961 	542.30
Feb 1, 1961 	525.81
Jan 1, 1961 	505.09
Dec 1, 1960 	480.39
Nov 1, 1960 	469.15
Oct 1, 1960 	454.43
Sep 1, 1960 	466.70
Aug 1, 1960 	481.17
Jul 1, 1960 	475.47
Jun 1, 1960 	487.56
May 1, 1960 	471.78
Apr 1, 1960 	476.14
Mar 1, 1960 	471.67
Feb 1, 1960 	478.19
Jan 1, 1960 	499.17
Dec 1, 1959 	506.30
Nov 1, 1959 	490.62
Oct 1, 1959 	488.65
Sep 1, 1959 	490.74
Aug 1, 1959 	512.71
Jul 1, 1959 	515.64
Jun 1, 1959 	497.67
May 1, 1959 	503.73
Apr 1, 1959 	496.25
Mar 1, 1959 	489.77
Feb 1, 1959 	477.65
Jan 1, 1959 	483.39
Dec 1, 1958 	466.49
Nov 1, 1958 	456.28
Oct 1, 1958 	444.34
Sep 1, 1958 	426.98
Aug 1, 1958 	415.99
Jul 1, 1958 	399.61
Jun 1, 1958 	390.27
May 1, 1958 	381.11
Apr 1, 1958 	369.25
Mar 1, 1958 	368.52
Feb 1, 1958 	363.60
Jan 1, 1958 	362.37
Dec 1, 1957 	357.91
Nov 1, 1957 	358.09
Oct 1, 1957 	367.28
Sep 1, 1957 	391.68
Aug 1, 1957 	408.25
Jul 1, 1957 	432.03
Jun 1, 1957 	426.49
May 1, 1957 	421.08
Apr 1, 1957 	406.96
Mar 1, 1957 	399.18
Feb 1, 1957 	395.53
Jan 1, 1957 	414.86
Dec 1, 1956 	424.08
Nov 1, 1956 	419.39
Oct 1, 1956 	423.79
Sep 1, 1956 	430.86
Aug 1, 1956 	447.67
Jul 1, 1956 	448.70
Jun 1, 1956 	428.74
May 1, 1956 	434.44
Apr 1, 1956 	450.20
Mar 1, 1956 	446.62
Feb 1, 1956 	417.84
Jan 1, 1956 	415.20
Dec 1, 1955 	426.68
Nov 1, 1955 	421.16
Oct 1, 1955 	394.55
Sep 1, 1955 	415.44
Aug 1, 1955 	399.03
Jul 1, 1955 	401.47
Jun 1, 1955 	375.51
May 1, 1955 	354.93
Apr 1, 1955 	356.44
Mar 1, 1955 	344.55
Feb 1, 1955 	347.28
Jan 1, 1955 	336.05
Dec 1, 1954 	330.10
Nov 1, 1954 	314.48
Oct 1, 1954 	302.63
Sep 1, 1954 	295.77
Aug 1, 1954 	287.92
Jul 1, 1954 	282.30
Jun 1, 1954 	271.34
May 1, 1954 	269.18
Apr 1, 1954 	259.84
Mar 1, 1954 	248.95
Feb 1, 1954 	243.79
Jan 1, 1954 	238.55
Dec 1, 1953 	232.64
Nov 1, 1953 	229.55
Oct 1, 1953 	223.75
Sep 1, 1953 	218.03
Aug 1, 1953 	228.52
Jul 1, 1953 	228.43
Jun 1, 1953 	225.24
May 1, 1953 	234.48
Apr 1, 1953 	234.13
Mar 1, 1953 	246.26
Feb 1, 1953 	245.95
Jan 1, 1953 	248.06
Dec 1, 1952 	245.81
Nov 1, 1952 	236.27
Oct 1, 1952 	229.01
Sep 1, 1952 	233.91
Aug 1, 1952 	237.69
Jul 1, 1952 	236.75
Jun 1, 1952 	231.87
May 1, 1952 	226.55
Apr 1, 1952 	226.64
Mar 1, 1952 	228.18
Feb 1, 1952 	227.60
Jan 1, 1952 	230.07
Dec 1, 1951 	222.65
Nov 1, 1951 	216.81
Oct 1, 1951 	224.72
Sep 1, 1951 	226.74
Aug 1, 1951 	222.75
Jul 1, 1951 	213.41
Jun 1, 1951 	209.71
May 1, 1951 	213.41
Apr 1, 1951 	214.13
Mar 1, 1951 	211.30
Feb 1, 1951 	215.75
Jan 1, 1951 	210.46
Dec 1, 1950 	199.11
Nov 1, 1950 	202.34
Oct 1, 1950 	203.58
Sep 1, 1950 	197.09
Aug 1, 1950 	191.15
Jul 1, 1950 	181.76
Jun 1, 1950 	198.45
May 1, 1950 	196.10
Apr 1, 1950 	190.52
Mar 1, 1950 	185.29
Feb 1, 1950 	184.58
Jan 1, 1950 	181.04
Dec 1, 1949 	176.64
Nov 1, 1949 	170.60
Oct 1, 1949 	168.98
Sep 1, 1949 	163.35
Aug 1, 1949 	161.92
Jul 1, 1949 	156.97
Jun 1, 1949 	147.32
May 1, 1949 	156.52
Apr 1, 1949 	157.02
Mar 1, 1949 	157.89
Feb 1, 1949 	156.41
Jan 1, 1949 	161.30
Dec 1, 1948 	158.86
Nov 1, 1948 	159.24
Oct 1, 1948 	167.23
Sep 1, 1948 	162.13
Aug 1, 1948 	163.98
Jul 1, 1948 	169.61
Jun 1, 1948 	175.90
May 1, 1948 	170.31
Apr 1, 1948 	163.08
Mar 1, 1948 	154.02
Feb 1, 1948 	151.22
Jan 1, 1948 	157.71
Dec 1, 1947 	161.89
Nov 1, 1947 	166.61
Oct 1, 1947 	169.30
Sep 1, 1947 	165.03
Aug 1, 1947 	173.18
Jul 1, 1947 	179.04
Jun 1, 1947 	170.01
May 1, 1947 	165.03
Apr 1, 1947 	168.03
Mar 1, 1947 	174.47
Feb 1, 1947 	185.22
Jan 1, 1947 	178.30
Dec 1, 1946 	177.36
Nov 1, 1946 	173.82
Oct 1, 1946 	178.73
Sep 1, 1946 	186.43
Aug 1, 1946 	220.85
Jul 1, 1946 	229.76
Jun 1, 1946 	250.42
May 1, 1946 	254.76
Apr 1, 1946 	255.60
Mar 1, 1946 	241.43
Feb 1, 1946 	251.62
Jan 1, 1946 	249.55
Dec 1, 1945 	239.99
Nov 1, 1945 	237.28
Oct 1, 1945 	229.76
Sep 1, 1945 	220.57
Aug 1, 1945 	206.50
Jul 1, 1945 	205.81
Jun 1, 1945 	210.12
May 1, 1945 	208.67
Apr 1, 1945 	202.20
Mar 1, 1945 	197.24
Feb 1, 1945 	197.38
Jan 1, 1945 	191.01
Dec 1, 1944 	185.49
Nov 1, 1944 	182.55
Oct 1, 1944 	183.83
Sep 1, 1944 	179.42
Aug 1, 1944 	182.41
Jul 1, 1944 	185.11
Jun 1, 1944 	181.44
May 1, 1944 	174.27
Apr 1, 1944 	171.24
Mar 1, 1944 	175.27
Feb 1, 1944 	170.49
Jan 1, 1944 	171.65
Dec 1, 1943 	166.29
Nov 1, 1943 	164.11
Oct 1, 1943 	172.08
Sep 1, 1943 	173.67
Aug 1, 1943 	171.04
Jul 1, 1943 	178.89
Jun 1, 1943 	174.27
May 1, 1943 	171.24
Apr 1, 1943 	165.71
Mar 1, 1943 	162.21
Feb 1, 1943 	159.43
Jan 1, 1943 	150.48
Dec 1, 1942 	141.98
Nov 1, 1942 	142.07
Oct 1, 1942 	140.66
Sep 1, 1942 	132.59
Aug 1, 1942 	131.21
Jul 1, 1942 	132.78
Jun 1, 1942 	128.80
May 1, 1942 	122.62
Apr 1, 1942 	122.73
Mar 1, 1942 	128.85
Feb 1, 1942 	137.98
Jan 1, 1942 	143.36
Dec 1, 1941 	142.44
Nov 1, 1941 	153.35
Oct 1, 1941 	161.93
Sep 1, 1941 	170.92
Aug 1, 1941 	172.71
Jul 1, 1941 	175.91
Jun 1, 1941 	167.34
May 1, 1941 	165.05
Apr 1, 1941 	169.91
Mar 1, 1941 	176.60
Feb 1, 1941 	176.78
Jan 1, 1941 	188.58
Dec 1, 1940 	188.22
Nov 1, 1940 	197.67
Oct 1, 1940 	193.17
Sep 1, 1940 	191.37
Aug 1, 1940 	183.63
Jul 1, 1940 	179.85
Jun 1, 1940 	172.85
May 1, 1940 	190.47
Apr 1, 1940 	220.89
Mar 1, 1940 	218.73
Feb 1, 1940 	219.99
Jan 1, 1940 	223.03
Dec 1, 1939 	222.69
Nov 1, 1939 	228.09
Oct 1, 1939 	232.24
Sep 1, 1939 	228.26
Aug 1, 1939 	210.76
Jul 1, 1939 	213.87
Jun 1, 1939 	208.75
May 1, 1939 	205.10
Apr 1, 1939 	197.80
Mar 1, 1939 	224.66
Feb 1, 1939 	224.84
Jan 1, 1939 	225.03
Dec 1, 1938 	228.45
Nov 1, 1938 	235.30
Oct 1, 1938 	235.12
Sep 1, 1938 	210.03
Aug 1, 1938 	220.04
Jul 1, 1938 	218.79
Jun 1, 1938 	182.50
May 1, 1938 	178.39
Apr 1, 1938 	175.54
Mar 1, 1938 	184.29
Feb 1, 1938 	197.34
Jan 1, 1938 	200.74
Dec 1, 1937 	192.88
Nov 1, 1937 	194.68
Oct 1, 1937 	211.99
Sep 1, 1937 	248.07
Aug 1, 1937 	290.97
Jul 1, 1937 	288.02
Jun 1, 1937 	273.74
May 1, 1937 	284.42
Apr 1, 1937 	299.80
Mar 1, 1937 	321.08
Feb 1, 1937 	323.72
Jan 1, 1937 	314.42
Dec 1, 1936 	307.13
Nov 1, 1936 	312.53
Oct 1, 1936 	304.07
Sep 1, 1936 	288.94
Aug 1, 1936 	285.70
Jul 1, 1936 	282.14
Jun 1, 1936 	268.29
May 1, 1936 	259.21
Apr 1, 1936 	273.75
Mar 1, 1936 	273.38
Feb 1, 1936 	265.74
Jan 1, 1936 	251.31
Dec 1, 1935 	238.16
Nov 1, 1935 	238.16
Oct 1, 1935 	219.29
Sep 1, 1935 	213.59
Aug 1, 1935 	209.17
Jul 1, 1935 	195.93
Jun 1, 1935 	186.18
May 1, 1935 	178.07
Apr 1, 1935 	165.10
Mar 1, 1935 	154.72
Feb 1, 1935 	165.20
Jan 1, 1935 	171.61
Dec 1, 1934 	174.17
Nov 1, 1934 	171.76
Oct 1, 1934 	167.09
Sep 1, 1934 	164.57
Aug 1, 1934 	171.16
Jul 1, 1934 	178.12
Jun 1, 1934 	186.96
May 1, 1934 	185.90
Apr 1, 1934 	206.94
Mar 1, 1934 	203.53
Feb 1, 1934 	214.52
Jan 1, 1934 	201.25
Dec 1, 1933 	190.37
Nov 1, 1933 	186.74
Oct 1, 1933 	182.35
Sep 1, 1933 	202.01
Aug 1, 1933 	203.73
Jul 1, 1933 	216.06
Jun 1, 1933 	206.19
May 1, 1933 	177.43
Apr 1, 1933 	137.82
Mar 1, 1933 	124.62
Feb 1, 1933 	124.03
Jan 1, 1933 	138.52
Dec 1, 1932 	131.21
Nov 1, 1932 	134.61
Oct 1, 1932 	134.93
Sep 1, 1932 	155.36
Aug 1, 1932 	140.58
Jul 1, 1932 	92.85
Jun 1, 1932 	88.40
May 1, 1932 	101.37
Apr 1, 1932 	113.87
Mar 1, 1932 	148.70
Feb 1, 1932 	147.11
Jan 1, 1932 	146.29
Dec 1, 1931 	145.70
Nov 1, 1931 	178.14
Oct 1, 1931 	173.38
Sep 1, 1931 	198.77
Aug 1, 1931 	232.01
Jul 1, 1931 	239.19
Jun 1, 1931 	231.51
May 1, 1931 	236.06
Apr 1, 1931 	257.89
Mar 1, 1931 	283.22
Feb 1, 1931 	276.12
Jan 1, 1931 	253.31
Dec 1, 1930 	242.80
Nov 1, 1930 	255.42
Oct 1, 1930 	273.73
Sep 1, 1930 	315.50
Aug 1, 1930 	317.57
Jul 1, 1930 	319.75
Jun 1, 1930 	322.85
May 1, 1930 	357.03
Apr 1, 1930 	377.46
Mar 1, 1930 	357.03
Feb 1, 1930 	342.03
Jan 1, 1930 	319.99
Dec 1, 1929 	313.58
Nov 1, 1929 	299.82
Oct 1, 1929 	407.78
Sep 1, 1929 	456.00
Aug 1, 1929 	438.52
Jul 1, 1929 	414.92
Jun 1, 1929 	385.43
May 1, 1929 	380.43
Apr 1, 1929 	377.01
Mar 1, 1929 	377.02
Feb 1, 1929 	368.33
Jan 1, 1929 	366.41
Dec 1, 1928 	341.21
Nov 1, 1928 	337.91
Oct 1, 1928 	316.51
Sep 1, 1928 	308.42
Aug 1, 1928 	291.54
Jul 1, 1928 	282.40
Jun 1, 1928 	280.34
May 1, 1928 	293.07
Apr 1, 1928 	285.94
Mar 1, 1928 	268.99
Feb 1, 1928 	255.28
Jan 1, 1928 	255.39
Dec 1, 1927 	254.37
Nov 1, 1927 	248.54
Oct 1, 1927 	241.61
Sep 1, 1927 	246.79
Aug 1, 1927 	234.89
Jul 1, 1927 	221.74
Jun 1, 1927 	213.23
May 1, 1927 	212.93
Apr 1, 1927 	207.02
Mar 1, 1927 	202.07
Feb 1, 1927 	197.86
Jan 1, 1927 	192.99
Dec 1, 1926 	192.09
Nov 1, 1926 	187.82
Oct 1, 1926 	186.45
Sep 1, 1926 	191.84
Aug 1, 1926 	190.04
Jul 1, 1926 	181.76
Jun 1, 1926 	172.44
May 1, 1926 	163.68
Apr 1, 1926 	161.64
Mar 1, 1926 	167.22
Feb 1, 1926 	178.40
Jan 1, 1926 	178.12
Dec 1, 1925 	175.44
Nov 1, 1925 	171.67
Oct 1, 1925 	169.31
Sep 1, 1925 	163.90
Aug 1, 1925 	160.19
Jul 1, 1925 	158.06
Jun 1, 1925 	155.54
May 1, 1925 	154.57
Apr 1, 1925 	150.64
Mar 1, 1925 	151.37
Feb 1, 1925 	156.35
Jan 1, 1925 	154.14
Dec 1, 1924 	148.02
Nov 1, 1924 	141.26
Oct 1, 1924 	133.79
Sep 1, 1924 	136.34
Aug 1, 1924 	138.47
Jul 1, 1924 	133.09
Jun 1, 1924 	127.95
May 1, 1924 	125.57
Apr 1, 1924 	126.02
Mar 1, 1924 	128.23
Feb 1, 1924 	129.98
Jan 1, 1924 	128.64
Dec 1, 1923 	124.56
Nov 1, 1923 	120.48
Oct 1, 1923 	116.99
Sep 1, 1923 	119.42
Aug 1, 1923 	119.39
Jul 1, 1923 	118.11
Jun 1, 1923 	123.65
May 1, 1923 	129.30
Apr 1, 1923 	135.71
Mar 1, 1923 	141.47
Feb 1, 1923 	139.22
Jan 1, 1923 	133.52
Dec 1, 1922 	130.94
Nov 1, 1922 	132.02
Oct 1, 1922 	139.75
Sep 1, 1922 	137.56
Aug 1, 1922 	134.07
Jul 1, 1922 	127.67
Jun 1, 1922 	127.53
May 1, 1922 	128.74
Apr 1, 1922 	123.91
Mar 1, 1922 	116.81
Feb 1, 1922 	111.25
Jan 1, 1922 	108.87
Dec 1, 1921 	106.50
Nov 1, 1921 	102.26
Oct 1, 1921 	96.49
Sep 1, 1921 	95.20
Aug 1, 1921 	91.84
Jul 1, 1921 	92.98
Jun 1, 1921 	93.80
May 1, 1921 	101.38
Apr 1, 1921 	96.22
Mar 1, 1921 	94.76
Feb 1, 1921 	96.71
Jan 1, 1921 	94.32
Dec 1, 1920 	88.47
Nov 1, 1920 	95.21
Oct 1, 1920 	99.80
Sep 1, 1920 	99.18
Aug 1, 1920 	94.36
Jul 1, 1920 	95.85
Jun 1, 1920 	95.51
May 1, 1920 	98.61
Apr 1, 1920 	106.77
Mar 1, 1920 	110.92
Feb 1, 1920 	104.69
Jan 1, 1920 	115.31
Dec 1, 1919 	118.95
Nov 1, 1919 	125.20
Oct 1, 1919 	131.87
Sep 1, 1919 	127.58
Aug 1, 1919 	126.30
Jul 1, 1919 	137.75
Jun 1, 1919 	137.35
May 1, 1919 	133.77
Apr 1, 1919 	126.62
Mar 1, 1919 	124.79
Feb 1, 1919 	122.60
Jan 1, 1919 	119.91
Dec 1, 1918 	120.67
Nov 1, 1918 	124.63
Oct 1, 1918 	123.81
Sep 1, 1918 	121.04
Aug 1, 1918 	124.06
Jul 1, 1918 	125.35
Jun 1, 1918 	127.73
May 1, 1918 	129.32
Apr 1, 1918 	127.97
Mar 1, 1918 	131.06
Feb 1, 1918 	132.81
Jan 1, 1918 	129.80
Dec 1, 1917 	125.10
Nov 1, 1917 	131.43
Oct 1, 1917 	143.38
Sep 1, 1917 	153.88
Aug 1, 1917 	165.38
Jul 1, 1917 	173.08
Jun 1, 1917 	175.26
May 1, 1917 	174.46
Apr 1, 1917 	183.43
Mar 1, 1917 	195.54
Feb 1, 1917 	189.66
Jan 1, 1917 	206.15
Dec 1, 1916 	212.93
Nov 1, 1916 	223.77
Oct 1, 1916 	222.60
Sep 1, 1916 	219.80
Aug 1, 1916 	215.04
Jul 1, 1916 	215.40
Jun 1, 1916 	218.43
May 1, 1916 	218.35
Apr 1, 1916 	215.66
Mar 1, 1916 	220.11
Feb 1, 1916 	222.96
Jan 1, 1916 	226.11
Dec 1, 1915 	231.97
Nov 1, 1915 	231.48
Oct 1, 1915 	225.85
Sep 1, 1915 	216.10
Aug 1, 1915 	208.37
Jul 1, 1915 	199.88
Jun 1, 1915 	200.63
May 1, 1915 	198.39
Apr 1, 1915 	205.16
Mar 1, 1915 	192.72
Feb 1, 1915 	186.00
Jan 1, 1915 	186.66
Dec 1, 1914 	183.41
Nov 1, 1914 	189.77
Oct 1, 1914 	191.65
Sep 1, 1914 	189.77
Aug 1, 1914 	189.77
Jul 1, 1914 	193.57
Jun 1, 1914 	206.98
May 1, 1914 	207.99
Apr 1, 1914 	208.83
Mar 1, 1914 	211.81
Feb 1, 1914 	215.89
Jan 1, 1914 	210.96
Dec 1, 1913 	202.64
Nov 1, 1913 	200.88
Oct 1, 1913 	208.18
Sep 1, 1913 	214.99
Aug 1, 1913 	215.12
Jul 1, 1913 	209.52
Jun 1, 1913 	208.83
May 1, 1913 	222.16
Apr 1, 1913 	226.06
Mar 1, 1913 	226.32
Feb 1, 1913 	230.69
Jan 1, 1913 	239.18
Dec 1, 1912 	243.72
Nov 1, 1912 	250.24
Oct 1, 1912 	253.07
Sep 1, 1912 	253.58
Aug 1, 1912 	254.90
Jul 1, 1912 	251.51
Jun 1, 1912 	251.25
May 1, 1912 	248.92
Apr 1, 1912 	249.18
Mar 1, 1912 	248.83
Feb 1, 1912 	246.85
Jan 1, 1912 	251.76
Dec 1, 1911 	253.99
Nov 1, 1911 	250.38
Oct 1, 1911 	238.11
Sep 1, 1911 	236.75
Aug 1, 1911 	253.14
Jul 1, 1911 	274.25
Jun 1, 1911 	278.54
May 1, 1911 	273.07
Apr 1, 1911 	267.30
Mar 1, 1911 	259.84
Feb 1, 1911 	265.85
Jan 1, 1911 	253.13
Dec 1, 1910 	247.12
Nov 1, 1910 	254.22
Oct 1, 1910 	249.36
Sep 1, 1910 	231.51
Aug 1, 1910 	227.61
Jul 1, 1910 	219.96
Jun 1, 1910 	231.67
May 1, 1910 	241.19
Apr 1, 1910 	240.65
Mar 1, 1910 	248.79
Feb 1, 1910 	247.46
Jan 1, 1910 	256.62
Dec 1, 1909 	259.86
Nov 1, 1909 	259.17
Oct 1, 1909 	263.10
Sep 1, 1909 	267.25
Aug 1, 1909 	269.79
Jul 1, 1909 	265.95
Jun 1, 1909 	262.21
May 1, 1909 	260.42
Apr 1, 1909 	254.50
Mar 1, 1909 	248.69
Feb 1, 1909 	245.35
Jan 1, 1909 	255.42
Dec 1, 1908 	251.76
Nov 1, 1908 	248.94
Oct 1, 1908 	235.52
Sep 1, 1908 	235.33
Aug 1, 1908 	237.92
Jul 1, 1908 	228.13
Jun 1, 1908 	222.35
May 1, 1908 	222.06
Apr 1, 1908 	210.71
Mar 1, 1908 	202.28
Feb 1, 1908 	194.33
Jan 1, 1908 	199.36
Dec 1, 1907 	189.24
Nov 1, 1907 	176.20
Oct 1, 1907 	179.56
Sep 1, 1907 	203.43
Aug 1, 1907 	205.62
Jul 1, 1907 	222.27
Jun 1, 1907 	214.08
May 1, 1907 	223.60
Apr 1, 1907 	236.53
Mar 1, 1907 	235.40
Feb 1, 1907 	258.17
Jan 1, 1907 	272.26
Dec 1, 1906 	277.41
Nov 1, 1906 	282.80
Oct 1, 1906 	280.27
Sep 1, 1906 	295.32
Aug 1, 1906 	289.53
Jul 1, 1906 	275.78
Jun 1, 1906 	273.83
May 1, 1906 	270.29
Apr 1, 1906 	280.60
Mar 1, 1906 	284.47
Feb 1, 1906 	291.61
Jan 1, 1906 	293.70
Dec 1, 1905 	283.88
Nov 1, 1905 	280.34
Oct 1, 1905 	284.91
Sep 1, 1905 	280.96
Aug 1, 1905 	277.03
Jul 1, 1905 	270.00
Jun 1, 1905 	261.78
May 1, 1905 	258.73
Apr 1, 1905 	269.20
Mar 1, 1905 	272.51
Feb 1, 1905 	261.86
Jan 1, 1905 	250.85
Dec 1, 1904 	245.49
Nov 1, 1904 	243.11
Oct 1, 1904 	235.91
Sep 1, 1904 	222.82
Aug 1, 1904 	215.99
Jul 1, 1904 	211.23
Jun 1, 1904 	202.81
May 1, 1904 	202.50
Apr 1, 1904 	202.12
Mar 1, 1904 	195.13
Feb 1, 1904 	193.42
Jan 1, 1904 	203.34
Dec 1, 1903 	204.68
Nov 1, 1903 	195.65
Oct 1, 1903 	192.88
Sep 1, 1903 	196.94
Aug 1, 1903 	204.28
Jul 1, 1903 	211.06
Jun 1, 1903 	221.23
May 1, 1903 	234.17
Apr 1, 1903 	233.37
Mar 1, 1903 	243.31
Feb 1, 1903 	244.76
Jan 1, 1903 	246.22
Dec 1, 1902 	237.02
Nov 1, 1902 	245.19
Oct 1, 1902 	246.85
Sep 1, 1902 	272.68
Aug 1, 1902 	275.09
Jul 1, 1902 	264.98
Jun 1, 1902 	259.12
May 1, 1902 	263.57
Apr 1, 1902 	267.49
Mar 1, 1902 	261.61
Feb 1, 1902 	261.29
Jan 1, 1902 	259.06
Dec 1, 1901 	250.78
Nov 1, 1901 	257.78
Oct 1, 1901 	255.59
Sep 1, 1901 	258.50
Aug 1, 1901 	262.83
Jul 1, 1901 	262.64
Jun 1, 1901 	284.88
May 1, 1901 	259.08
Apr 1, 1901 	272.82
Mar 1, 1901 	248.73
Feb 1, 1901 	240.12
Jan 1, 1901 	231.12
Dec 1, 1900 	227.53
Nov 1, 1900 	211.83
Oct 1, 1900 	196.47
Sep 1, 1900 	187.41
Aug 1, 1900 	194.18
Jul 1, 1900 	189.35
Jun 1, 1900 	191.56
May 1, 1900 	195.17
Apr 1, 1900 	199.99
Mar 1, 1900 	197.47
Feb 1, 1900 	195.89
Jan 1, 1900 	194.61
Dec 1, 1899 	192.06
Nov 1, 1899 	208.74
Oct 1, 1899 	207.25
Sep 1, 1899 	210.97
Aug 1, 1899 	221.44
Jul 1, 1899 	218.92
Jun 1, 1899 	214.27
May 1, 1899 	222.32
Apr 1, 1899 	231.99
Mar 1, 1899 	232.09
Feb 1, 1899 	228.83
Jan 1, 1899 	226.69
Dec 1, 1898 	210.65
Nov 1, 1898 	201.33
Oct 1, 1898 	194.89
Sep 1, 1898 	199.06
Aug 1, 1898 	199.44
Jul 1, 1898 	192.25
Jun 1, 1898 	188.66
May 1, 1898 	169.77
Apr 1, 1898 	170.39
Mar 1, 1898 	173.37
Feb 1, 1898 	181.57
Jan 1, 1898 	184.68
Dec 1, 1897 	179.76
Nov 1, 1897 	175.97
Oct 1, 1897 	182.41
Sep 1, 1897 	185.67
Aug 1, 1897 	182.22
Jul 1, 1897 	179.00
Jun 1, 1897 	171.37
May 1, 1897 	163.74
Apr 1, 1897 	160.64
Mar 1, 1897 	163.22
Feb 1, 1897 	162.83
Jan 1, 1897 	164.39
Dec 1, 1896 	159.70
Nov 1, 1896 	165.75
Oct 1, 1896 	159.71
Sep 1, 1896 	160.94
Aug 1, 1896 	152.91
Jul 1, 1896 	162.14
Jun 1, 1896 	173.38
May 1, 1896 	174.09
Apr 1, 1896 	172.18
Mar 1, 1896 	168.03
Feb 1, 1896 	170.71
Jan 1, 1896 	161.59
Dec 1, 1895 	161.07
Nov 1, 1895 	168.88
Oct 1, 1895 	174.77
Sep 1, 1895 	177.35
Aug 1, 1895 	176.24
Jul 1, 1895 	171.17
Jun 1, 1895 	168.26
May 1, 1895 	167.18
Apr 1, 1895 	160.79
Mar 1, 1895 	160.74
Feb 1, 1895 	160.74
Jan 1, 1895 	163.04
Dec 1, 1894 	164.96
Nov 1, 1894 	164.24
Oct 1, 1894 	164.24
Sep 1, 1894 	164.84
Aug 1, 1894 	164.42
Jul 1, 1894 	163.04
Jun 1, 1894 	166.49
May 1, 1894 	168.79
Apr 1, 1894 	175.31
Mar 1, 1894 	173.01
Feb 1, 1894 	163.30
Jan 1, 1894 	158.95
Dec 1, 1893 	157.88
Nov 1, 1893 	161.32
Oct 1, 1893 	154.73
Sep 1, 1893 	152.34
Aug 1, 1893 	147.96
Jul 1, 1893 	145.71
Jun 1, 1893 	156.59
May 1, 1893 	160.30
Apr 1, 1893 	173.58
Mar 1, 1893 	171.58
Feb 1, 1893 	173.81
Jan 1, 1893 	178.98
Dec 1, 1892 	182.49
Nov 1, 1892 	186.68
Oct 1, 1892 	192.21
Sep 1, 1892 	188.43
Aug 1, 1892 	193.24
Jul 1, 1892 	193.12
Jun 1, 1892 	198.34
May 1, 1892 	199.41
Apr 1, 1892 	199.41
Mar 1, 1892 	196.97
Feb 1, 1892 	189.80
Jan 1, 1892 	189.46
Dec 1, 1891 	181.32
Nov 1, 1891 	175.96
Oct 1, 1891 	176.53
Sep 1, 1891 	176.53
Aug 1, 1891 	161.16
Jul 1, 1891 	155.93
Jun 1, 1891 	156.72
May 1, 1891 	156.14
Apr 1, 1891 	154.84
Mar 1, 1891 	151.73
Feb 1, 1891 	156.33
Jan 1, 1891 	156.39
Dec 1, 1890 	146.76
Nov 1, 1890 	150.27
Oct 1, 1890 	158.26
Sep 1, 1890 	165.74
Aug 1, 1890 	170.65
Jul 1, 1890 	181.10
Jun 1, 1890 	182.41
May 1, 1890 	183.72
Apr 1, 1890 	178.51
Mar 1, 1890 	174.87
Feb 1, 1890 	176.19
Jan 1, 1890 	178.18
Dec 1, 1889 	171.90
Nov 1, 1889 	174.89
Oct 1, 1889 	176.52
Sep 1, 1889 	179.79
Aug 1, 1889 	177.85
Jul 1, 1889 	175.53
Jun 1, 1889 	179.18
May 1, 1889 	176.19
Apr 1, 1889 	167.38
Mar 1, 1889 	167.70
Feb 1, 1889 	169.09
Jan 1, 1889 	165.29
Dec 1, 1888 	156.46
Nov 1, 1888 	159.50
Oct 1, 1888 	164.84
Sep 1, 1888 	167.61
Aug 1, 1888 	163.56
Jul 1, 1888 	160.13
Jun 1, 1888 	158.04
May 1, 1888 	161.07
Apr 1, 1888 	157.14
Mar 1, 1888 	154.63
Feb 1, 1888 	160.72
Jan 1, 1888 	159.90
Dec 1, 1887 	160.42
Nov 1, 1887 	165.12
Oct 1, 1887 	164.03
Sep 1, 1887 	171.64
Aug 1, 1887 	171.92
Jul 1, 1887 	178.34
Jun 1, 1887 	180.75
May 1, 1887 	183.81
Apr 1, 1887 	180.69
Mar 1, 1887 	176.64
Feb 1, 1887 	172.59
Jan 1, 1887 	176.02
Dec 1, 1886 	182.24
Nov 1, 1886 	189.27
Oct 1, 1886 	184.70
Sep 1, 1886 	180.12
Aug 1, 1886 	175.54
Jul 1, 1886 	176.53
Jun 1, 1886 	175.96
May 1, 1886 	166.26
Apr 1, 1886 	165.44
Mar 1, 1886 	165.58
Feb 1, 1886 	167.18
Jan 1, 1886 	164.03
Dec 1, 1885 	160.22
Nov 1, 1885 	165.29
Oct 1, 1885 	156.97
Sep 1, 1885 	148.35
Aug 1, 1885 	148.57
Jul 1, 1885 	140.69
Jun 1, 1885 	137.19
May 1, 1885 	134.59
Apr 1, 1885 	133.02
Mar 1, 1885 	134.95
Feb 1, 1885 	131.59
Jan 1, 1885 	129.06
Dec 1, 1884 	132.11
Nov 1, 1884 	130.99
Oct 1, 1884 	130.73
Sep 1, 1884 	133.59
Aug 1, 1884 	136.53
Jul 1, 1884 	128.47
Jun 1, 1884 	127.02
May 1, 1884 	132.43
Apr 1, 1884 	141.07
Mar 1, 1884 	144.72
Feb 1, 1884 	145.27
Jan 1, 1884 	141.45
Dec 1, 1883 	145.82
Nov 1, 1883 	150.73
Oct 1, 1883 	146.91
Sep 1, 1883 	151.00
Aug 1, 1883 	147.92
Jul 1, 1883 	154.95
Jun 1, 1883 	154.24
May 1, 1883 	148.39
Apr 1, 1883 	149.44
Mar 1, 1883 	145.07
Feb 1, 1883 	141.88
Jan 1, 1883 	146.58
Dec 1, 1882 	147.34
Nov 1, 1882 	145.13
Oct 1, 1882 	150.28
Sep 1, 1882 	152.99
Aug 1, 1882 	147.50
Jul 1, 1882 	144.43
Jun 1, 1882 	135.57
May 1, 1882 	137.45
Apr 1, 1882 	140.48
Mar 1, 1882 	141.71
Feb 1, 1882 	141.96
Jan 1, 1882 	146.57
Dec 1, 1881 	148.80
Nov 1, 1881 	153.25
Oct 1, 1881 	150.78
Sep 1, 1881 	154.74
Aug 1, 1881 	159.45
Jul 1, 1881 	166.54
Jun 1, 1881 	174.39
May 1, 1881 	172.27
Apr 1, 1881 	163.13
Mar 1, 1881 	165.38
Feb 1, 1881 	163.52
Jan 1, 1881 	165.62
Dec 1, 1880 	154.77
Nov 1, 1880 	150.10
Oct 1, 1880 	144.14
Sep 1, 1880 	140.08
Aug 1, 1880 	141.72
Jul 1, 1880 	136.81
Jun 1, 1880 	130.80
May 1, 1880 	127.62
Apr 1, 1880 	134.59
Mar 1, 1880 	132.39
Feb 1, 1880 	131.19
Jan 1, 1880 	128.92
Dec 1, 1879 	127.84
Nov 1, 1879 	131.91
Oct 1, 1879 	131.94
Sep 1, 1879 	125.57
Aug 1, 1879 	125.40
Jul 1, 1879 	124.48
Jun 1, 1879 	123.37
May 1, 1879 	121.40
Apr 1, 1879 	116.16
Mar 1, 1879 	111.10
Feb 1, 1879 	111.72
Jan 1, 1879 	108.97
Dec 1, 1878 	106.30
Nov 1, 1878 	104.49
Oct 1, 1878 	103.55
Sep 1, 1878 	103.64
Aug 1, 1878 	101.58
Jul 1, 1878 	103.55
Jun 1, 1878 	102.68
May 1, 1878 	98.34
Apr 1, 1878 	94.83
Mar 1, 1878 	91.34
Feb 1, 1878 	87.79
Jan 1, 1878 	88.75
Dec 1, 1877 	86.13
Nov 1, 1877 	86.40
Oct 1, 1877 	86.00
Sep 1, 1877 	84.19
Aug 1, 1877 	78.44
Jul 1, 1877 	70.56
Jun 1, 1877 	68.19
May 1, 1877 	69.51
Apr 1, 1877 	70.77
Mar 1, 1877 	78.48
Feb 1, 1877 	78.97
Jan 1, 1877 	81.79
Dec 1, 1876 	83.93
Nov 1, 1876 	85.92
Oct 1, 1876 	88.35
Sep 1, 1876 	90.47
Aug 1, 1876 	97.30
Jul 1, 1876 	102.41
Jun 1, 1876 	103.66
May 1, 1876 	101.59
Apr 1, 1876 	101.75
Mar 1, 1876 	104.76
Feb 1, 1876 	105.00
Jan 1, 1876 	103.60
Dec 1, 1875 	100.68
Nov 1, 1875 	99.77
Oct 1, 1875 	97.37
Sep 1, 1875 	98.96
Aug 1, 1875 	98.97
Jul 1, 1875 	99.41
Jun 1, 1875 	99.18
May 1, 1875 	99.52
Apr 1, 1875 	100.95
Mar 1, 1875 	100.51
Feb 1, 1875 	99.19
Jan 1, 1875 	99.41
Dec 1, 1874 	99.41
Nov 1, 1874 	100.07
Oct 1, 1874 	98.34
Sep 1, 1874 	96.97
Aug 1, 1874 	95.48
Jul 1, 1874 	94.54
Jun 1, 1874 	95.26
May 1, 1874 	93.47
Apr 1, 1874 	95.19
Mar 1, 1874 	96.37
Feb 1, 1874 	97.80
Jan 1, 1874 	94.95
Dec 1, 1873 	91.46
Nov 1, 1873 	85.64
Oct 1, 1873 	86.07
Sep 1, 1873 	92.11
Aug 1, 1873 	99.73
Jul 1, 1873 	99.73
Jun 1, 1873 	99.93
May 1, 1873 	98.36
Apr 1, 1873 	96.01
Mar 1, 1873 	97.35
Feb 1, 1873 	98.11
Jan 1, 1873 	99.53
Dec 1, 1872 	98.75
Nov 1, 1872 	95.02
Oct 1, 1872 	98.25
Sep 1, 1872 	95.75
Aug 1, 1872 	98.17
Jul 1, 1872 	100.11
Jun 1, 1872 	99.23
May 1, 1872 	99.43
Apr 1, 1872 	99.43
Mar 1, 1872 	98.93
Feb 1, 1872 	97.23
Jan 1, 1872 	96.83
Dec 1, 1871 	94.44
Nov 1, 1871 	94.54
Oct 1, 1871 	93.52
Sep 1, 1871 	100.15
Aug 1, 1871 	101.54
Jul 1, 1871 	98.69
Jun 1, 1871 	100.56
May 1, 1871 	99.83
Apr 1, 1871 	95.12
Mar 1, 1871 	89.17
Feb 1, 1871 	88.33
Jan 1, 1871 	89.81